26
0 10053 2042 8989 2865 1617 3597 10097 9071 2759 3154 10646 5818 5348 3829 4780 2694 8791 8078 1396 3960 1485 6134 3247 7082 6286
10053 0 11191 2908 12014 10766 12746 1358 1888 8278 7443 1907 5941 5807 7486 6461 9145 3228 3075 10545 13109 9868 4985 12396 3505 4021
2042 11191 0 10127 1217 1615 1949 11235 10209 3897 4292 11784 6956 6486 4967 5918 3832 9929 9216 1604 2312 2623 7272 1599 8220 7424
8989 2908 10127 0 10950 9702 11682 2952 1926 7214 6379 3501 4877 4743 6422 5397 8081 2164 2011 9481 12045 8804 3921 11332 2441 2957
2865 12014 1217 10950 0 2438 2062 12058 11032 4720 5115 12607 7779 7309 5790 6741 4655 10752 10039 2427 2425 3446 8095 1712 9043 8247
1617 10766 1615 9702 2438 0 3170 10810 9784 3472 3867 11359 6531 6061 4542 5493 3407 9504 8791 1179 3533 2198 6847 2820 7795 6999
3597 12746 1949 11682 2062 3170 0 12790 11764 5452 5847 13339 8511 8041 6522 7473 5387 11484 10771 3159 2229 4178 8827 1516 9775 8979
10097 1358 11235 2952 12058 10810 12790 0 1932 8322 7487 1437 5985 5851 7530 6505 9189 3272 3119 10589 13153 9912 5029 12440 3549 4065
9071 1888 10209 1926 11032 9784 11764 1932 0 7296 6461 2481 4959 4825 6504 5479 8163 2246 2093 9563 12127 8886 4003 11414 2523 3039
2759 8278 3897 7214 4720 3472 5452 8322 7296 0 1379 8871 4043 3573 2054 3005 1851 7016 6303 3251 5815 2574 4359 5102 5307 4511
3154 7443 4292 6379 5115 3867 5847 7487 6461 1379 0 8036 3208 2738 1219 2170 2246 6181 5468 3646 6210 2969 3524 5497 4472 3676
10646 1907 11784 3501 12607 11359 13339 1437 2481 8871 8036 0 6534 6400 8079 7054 9738 3821 3668 11138 13702 10461 5578 12989 4098 4614
5818 5941 6956 4877 7779 6531 8511 5985 4959 4043 3208 6534 0 1572 3251 2226 4910 4679 3966 6310 8874 5633 2022 8161 2970 2174
5348 5807 6486 4743 7309 6061 8041 5851 4825 3573 2738 6400 1572 0 2781 1756 4440 4545 3832 5840 8404 5163 1888 7691 2836 2040
3829 7486 4967 6422 5790 4542 6522 7530 6504 2054 1219 8079 3251 2781 0 2213 2921 6224 5511 4321 6885 3644 3567 6172 4515 3719
4780 6461 5918 5397 6741 5493 7473 6505 5479 3005 2170 7054 2226 1756 2213 0 3872 5199 4486 5272 7836 4595 2542 7123 3490 2694
2694 9145 3832 8081 4655 3407 5387 9189 8163 1851 2246 9738 4910 4440 2921 3872 0 7883 7170 3186 5750 2509 5226 5037 6174 5378
8791 3228 9929 2164 10752 9504 11484 3272 2246 7016 6181 3821 4679 4545 6224 5199 7883 0 1813 9283 11847 8606 3723 11134 2243 2759
8078 3075 9216 2011 10039 8791 10771 3119 2093 6303 5468 3668 3966 3832 5511 4486 7170 1813 0 8570 11134 7893 3010 10421 1530 2046
1396 10545 1604 9481 2427 1179 3159 10589 9563 3251 3646 11138 6310 5840 4321 5272 3186 9283 8570 0 3522 1977 6626 2809 7574 6778
3960 13109 2312 12045 2425 3533 2229 13153 12127 5815 6210 13702 8874 8404 6885 7836 5750 11847 11134 3522 0 4541 9190 821 10138 9342
1485 9868 2623 8804 3446 2198 4178 9912 8886 2574 2969 10461 5633 5163 3644 4595 2509 8606 7893 1977 4541 0 5949 3828 6897 6101
6134 4985 7272 3921 8095 6847 8827 5029 4003 4359 3524 5578 2022 1888 3567 2542 5226 3723 3010 6626 9190 5949 0 8477 2014 1218
3247 12396 1599 11332 1712 2820 1516 12440 11414 5102 5497 12989 8161 7691 6172 7123 5037 11134 10421 2809 821 3828 8477 0 9425 8629
7082 3505 8220 2441 9043 7795 9775 3549 2523 5307 4472 4098 2970 2836 4515 3490 6174 2243 1530 7574 10138 6897 2014 9425 0 1050
6286 4021 7424 2957 8247 6999 8979 4065 3039 4511 3676 4614 2174 2040 3719 2694 5378 2759 2046 6778 9342 6101 1218 8629 1050 0