6 3
1.3
6.350 0.921 7.436
10.532 5.627 7.427
22.204 0.993 4.905
4.087 5.411 10.126
11.445 1.646 1.148
4.778 24.814 9.603
8.488 9.350 10.147
0.989 1.555 7.111
11.080 8.591 9.365
10.279 1.371 8.703
4.145 5.509 5.702
0.569 9.796 8.351
5.481 21.460 7.334
4.552 5.790 2.779
3.561 5.880 1.181
1.905 0.724 6.558
4.308 3.533 7.921
12.134 14.807 14.879
9.122 10.982 0.663
17.632 8.485 3.685
0.436 2.257 2.944
2.119 1.976 0.605
7.263 14.294 4.560
6.881 9.441 0.029
4.132 7.938 7.842
11.747 5.785 1.674
2.025 3.787 27.251
4.836 3.005 5.699
8.334 0.310 14.562
10.638 16.325 5.512
0.245 4.747 14.255
9.142 0.129 1.810
2.478 9.028 12.968
6.923 11.396 7.966
7.507 1.353 8.571
5.075 17.072 1.724
1.056 0.827 20.058
11.561 6.020 6.511
15.111 5.554 0.880
7.905 2.719 4.701
0.063 7.260 5.126
11.987 0.117 6.148
3.573 18.155 24.352
6.448 4.629 0.318
16.671 5.208 0.314
2.150 8.327 14.257
0.885 2.639 10.832
14.392 17.347 4.626
6.531 24.805 0.508
8.395 7.739 3.399
10.131 8.252 5.377
10.442 6.039 16.652
8.511 0.688 1.320
4.376 2.898 19.713
5.917 12.473 6.086
0.414 0.602 1.646
10.763 9.420 2.275
7.820 1.811 1.291
7.167 2.228 9.985
8.694 0.415 10.759
1.934 3.372 2.235
11.596 0.847 0.325
1.321 15.588 11.964
3.654 15.984 12.660
2.358 7.790 15.829
15.812 12.888 15.006
9.641 7.197 10.470
0.623 16.169 3.992
3.079 1.334 7.038
22.134 7.447 2.612
8.952 3.628 3.372
0.983 6.601 18.864
1.519 5.458 4.815
4.654 10.621 9.110
15.491 2.070 1.369
16.819 15.894 10.772
0.198 22.909 14.056
2.513 4.495 2.421
4.752 3.146 1.834
12.802 8.694 22.264
8.675 3.162 14.733
4.015 9.139 11.985
15.358 2.428 8.168
0.445 9.507 18.628
4.113 19.804 13.498
15.132 7.796 1.109
4.819 10.501 4.896
1.824 1.437 23.977
5.509 7.359 9.969
13.037 8.103 3.570
10.510 9.178 6.282
14.952 10.768 4.975
6.862 3.280 6.794
13.313 4.978 9.691
9.422 7.753 3.535
3.552 5.596 7.447
5.130 15.456 0.990
2.398 10.233 2.689
0.803 11.886 11.410
1.924 14.225 8.943
17.342 7.895 6.898
7.087 12.484 10.178
3.916 1.763 7.862
7.562 19.207 10.438
7.814 21.301 0.024
2.413 15.701 3.859
1.463 2.316 13.430
21.106 11.299 10.249
2.396 13.668 8.148
1.525 8.199 8.275
10.400 4.285 4.241
2.220 11.019 11.127
4.902 4.637 1.762
7.399 1.519 11.977
1.872 3.647 8.713
9.322 23.197 2.845
11.014 24.927 1.090
7.128 4.944 2.675
9.102 1.021 6.920
5.504 4.751 5.984
6.835 7.730 3.074
3.479 17.375 1.345
0.830 4.392 7.207
3.513 8.237 1.449
10.306 8.174 4.049
13.500 9.802 0.102
18.620 1.040 12.097
2.652 1.757 5.943
14.933 15.288 5.177
3.911 1.339 8.407
15.573 20.790 14.779
26.403 1.929 1.815
5.450 12.654 8.696
4.751 4.403 6.573
5.271 1.084 3.548
11.779 10.502 7.663
14.801 5.481 0.593
25.045 0.635 9.201
9.706 4.274 4.983
12.400 5.905 13.759
21.570 3.895 2.752
8.288 2.524 7.185
8.663 5.048 15.367
9.565 0.008 3.281
20.797 3.184 9.516
0.288 5.428 13.486
17.596 2.603 8.911
17.746 8.899 2.113
4.655 4.733 8.290
15.024 1.441 2.539
1.177 11.751 7.822
4.719 19.323 2.120
6.942 5.717 10.187
17.193 0.608 4.749
2.057 6.641 2.899
1.385 16.109 7.431
5.218 1.801 0.850
14.281 5.647 9.301
4.849 9.348 2.588
20.717 3.083 6.644
2.120 8.646 24.333
2.245 8.103 6.379
10.750 10.385 0.306
7.442 16.274 6.618
0.834 6.375 1.115
3.883 5.772 3.763
14.011 4.126 5.655
6.194 13.654 8.472
9.154 20.672 10.797
11.858 2.914 0.591
14.568 0.670 8.667
7.836 8.815 15.390
1.752 0.802 4.432
4.827 10.395 13.740
0.941 5.253 0.799
0.865 1.811 14.838
4.024 6.601 10.233
19.376 1.353 11.838
23.340 9.378 7.104
5.576 7.999 0.875
1.652 8.846 13.616
0.647 13.425 3.256
4.201 4.249 16.657
13.275 7.395 11.588
11.740 11.931 7.147
14.912 0.072 6.051
9.709 13.143 11.139
13.034 10.238 4.103
0.940 5.504 9.737
2.340 4.631 6.480
8.645 8.620 4.556
5.840 0.145 7.318
2.455 6.014 11.980
1.017 14.693 4.776
3.738 10.109 10.231
11.583 9.616 19.528
0.954 6.069 8.827
15.768 4.548 5.770
8.043 3.805 2.780
12.751 10.549 8.779
12.244 6.307 6.128
2.736 3.030 15.057
4.517 0.631 3.718
0.175 10.967 0.641
5.428 3.376 10.121
12.421 1.044 5.951
1.510 11.276 7.369
15.004 7.181 8.245
23.285 10.937 10.908
13.884 5.215 2.724
5.811 2.748 1.365
8.612 23.359 6.531
11.899 0.058 20.325
2.877 3.710 10.655
11.024 5.249 0.118
5.302 0.348 1.233
5.319 4.164 5.573
5.066 2.982 5.663
1.110 5.473 9.696
6.653 17.170 2.189
9.085 10.131 14.522
7.458 4.342 3.014
7.685 7.044 12.474
5.968 6.107 4.760
11.970 4.089 13.492
6.625 9.921 12.414
5.829 12.272 6.196
9.455 3.125 19.744
0.055 7.761 0.870
7.853 14.047 2.030
6.911 16.365 7.000
6.156 11.417 2.627
11.602 14.809 9.575
0.848 9.951 2.576
12.545 11.690 0.700
11.071 6.377 18.659
14.833 4.855 2.295
12.290 6.282 11.859
3.704 8.270 6.919
4.251 6.591 3.768
19.514 5.212 0.175
9.953 12.090 6.971
6.530 20.046 9.697
3.126 2.575 2.669
5.959 1.798 10.083
13.893 1.985 7.761
12.386 13.601 8.866
11.776 2.262 15.283
0.770 14.230 2.809
1.479 7.228 13.422
0.130 7.670 1.441
11.727 2.515 5.219
0.146 3.698 5.711
9.348 7.918 22.898
2.800 8.180 4.287
5.271 9.170 16.441
2.483 1.740 6.734
12.561 6.417 21.245
0.990 11.554 4.201
9.040 10.834 16.797
8.575 7.094 8.916
0.671 16.893 6.476
21.318 5.272 0.913
5.528 0.188 10.009
5.783 2.245 9.269
15.049 7.416 9.265
24.587 9.101 5.700
3.921 18.920 1.320
9.890 8.163 0.841
0.486 7.784 7.203
6.190 5.359 7.779
10.312 10.652 6.143
6.596 3.433 11.107
4.509 20.738 0.514
10.304 1.589 2.800
10.110 5.896 15.316
9.431 1.527 4.324
3.796 2.906 2.386
18.720 7.291 12.636
13.190 13.565 0.902
4.732 10.023 16.713
2.954 5.335 5.761
10.308 6.769 2.340
0.679 7.886 2.518
8.724 9.227 7.210
0.740 11.893 0.978
21.011 15.511 10.192
0.728 13.945 8.202
6.851 25.019 7.764
6.201 0.741 20.573
5.029 1.619 23.158
5.905 2.589 9.598
8.945 3.379 12.376
9.511 0.235 16.119
8.556 1.292 5.562
4.794 4.654 1.225
17.858 11.721 5.014
6.532 10.518 1.047
3.448 7.430 11.020
10.381 1.053 3.303
4.797 28.340 2.282
11.117 3.965 10.908
7.789 14.817 10.910
8.656 6.008 2.056
11.291 6.512 18.234
2.810 4.180 20.290
5.054 32.072 1.526
6.070 19.807 18.060
6.603 10.053 1.585
3.537 4.224 0.815
4.623 16.988 6.144
11.704 9.121 4.374
6.383 9.148 11.697
4.781 14.941 15.891
2.410 0.066 1.493
21.379 8.126 20.480
4.753 4.504 10.007
13.644 1.964 2.912
7.447 6.589 5.637
6.655 7.680 9.539
1.109 3.040 6.665
11.946 11.523 8.485
0.148 2.253 5.862
9.753 3.769 7.441
5.603 5.761 5.896
0.049 2.147 22.710
12.214 3.018 8.956
14.308 11.337 17.044
5.414 4.393 3.994
1.424 8.189 26.733
4.128 3.876 3.226
10.787 1.145 9.605
4.516 6.833 12.454
16.961 10.776 12.916
4.561 17.617 13.541
0.750 8.344 31.698
16.488 11.554 0.506
14.912 22.007 4.006
2.392 12.976 5.686
2.538 6.624 7.348
5.608 2.230 11.482
4.492 7.377 0.296
24.933 11.876 1.926
11.788 10.109 10.248
2.451 10.435 5.794
6.864 4.886 6.252
9.426 7.592 10.381
11.232 0.959 13.200
1.006 0.317 7.184
11.202 3.201 8.558
10.306 13.133 2.870
1.868 6.229 1.398
4.215 6.218 12.236
26.115 9.844 9.951
14.002 7.629 3.267
17.216 3.418 3.171
12.173 23.097 5.926
8.635 4.734 2.866
12.709 14.924 4.563
10.466 3.737 0.112
16.500 2.596 5.887
12.411 26.009 19.180
17.878 4.371 19.833
13.221 1.057 3.095
11.884 5.063 8.415
0.241 14.904 9.140
6.492 4.963 3.554
6.179 7.111 4.725
7.305 11.620 11.042
0.161 9.656 2.285
6.649 18.670 2.002
7.258 0.157 0.246
11.191 0.969 5.455
3.901 3.367 3.758
13.568 4.397 12.696
6.761 11.950 27.910
12.385 0.627 0.180
3.881 9.775 15.261
3.655 11.143 1.885
23.650 0.222 9.052
16.150 1.869 16.228
6.762 12.925 0.301
12.170 3.985 2.853
4.378 2.264 13.500
4.527 7.882 3.720
0.001 4.176 0.736
3.316 20.046 4.902
5.918 10.321 8.005
2.727 0.855 2.075
28.269 3.571 11.084
3.009 1.665 3.415
1.196 12.374 3.594
7.761 9.163 0.430
7.184 6.072 17.692
18.903 12.585 25.141
27.342 1.998 12.187
2.029 4.168 0.140
3.879 8.861 25.057
7.004 22.239 3.058
1.223 5.528 11.030
18.276 1.252 5.986
4.703 8.713 13.100
2.214 2.234 0.407
13.113 3.510 8.181
8.557 1.913 3.209
7.523 9.583 0.834
22.184 9.430 16.891
13.393 25.011 6.334
3.316 8.810 4.028
3.864 7.871 17.921
7.162 3.594 3.696
8.160 5.634 6.251
9.549 19.742 7.595
3.383 12.558 1.958
10.150 5.312 14.021
0.701 8.836 17.132
9.777 0.214 12.902
12.141 15.568 2.764
5.977 5.632 11.313
6.661 9.136 4.853
2.044 0.671 10.336
0.422 7.195 19.859
15.524 13.758 1.008
16.832 11.821 0.299
14.310 10.390 21.309
3.682 7.501 15.504
11.866 4.722 0.970
1.656 8.645 13.744
15.056 7.606 5.209
17.850 10.506 12.486
11.035 5.689 2.683
8.038 9.896 7.150
6.232 8.510 6.751
9.036 7.028 11.960
2.549 9.159 10.534
23.303 8.230 15.139
0.473 8.439 1.395
16.660 0.411 10.665
2.318 10.006 3.814
14.748 9.147 13.210
0.496 5.597 11.579
11.531 5.533 3.034
5.503 3.657 12.828
2.808 13.138 0.977
6.960 1.262 0.197
10.520 11.763 2.069
14.927 2.051 11.790
2.215 5.910 11.581
0.542 11.036 14.609
12.512 15.605 0.300
1.417 4.745 3.281
18.934 1.255 7.010
5.380 9.194 23.153
1.429 8.624 15.821
1.293 5.081 14.170
7.175 16.912 18.243
3.687 14.528 7.515
9.860 12.086 18.953
8.813 14.337 9.239
1.266 0.845 11.748
4.196 13.772 1.808
23.211 1.217 6.421
4.248 0.944 3.945
9.177 8.227 2.186
23.186 11.907 4.452
2.732 9.777 1.181
2.311 10.159 9.206
2.714 12.858 3.160
15.646 15.729 4.586
19.910 4.326 10.011
6.382 4.781 3.772
7.864 11.694 17.989
7.667 4.640 10.051
5.369 5.518 9.469
0.729 7.562 17.678
4.266 14.636 1.752
10.649 5.950 4.371
14.445 6.531 1.222
10.374 4.057 2.688
5.599 1.040 6.016
7.335 10.165 7.420
1.829 1.320 0.096
14.360 1.669 12.482
3.650 3.275 5.902
13.940 10.531 7.942
3.237 4.602 4.573
0.118 9.565 3.032
21.778 1.616 20.721
2.402 9.485 0.680
6.389 0.320 23.349
2.617 6.409 6.251
14.701 10.367 21.362
14.793 4.590 2.601
5.268 1.246 6.526
9.956 17.156 11.156
5.500 12.647 10.355
17.852 5.133 5.666
11.735 2.295 16.209
0.498 3.149 8.715
2.182 9.888 19.781
11.107 5.584 16.728
11.924 8.999 15.805
20.382 21.968 6.461
0.744 4.250 5.791
11.992 5.046 18.823
1.109 2.341 10.836
10.817 13.400 19.110
3.409 8.304 11.414
5.354 11.664 0.170
14.432 3.904 4.438
17.212 19.829 10.855
12.558 7.732 12.858
3.537 22.867 1.079
7.332 3.936 2.682
9.524 2.770 0.970
7.729 2.770 9.482
8.677 13.652 4.499
7.548 17.019 10.358
14.368 11.626 4.845
0.597 16.438 24.485
5.983 4.516 0.332
4.929 23.950 1.373
14.534 8.467 0.351
0.897 15.507 11.782
18.645 1.352 2.942
1.986 8.199 8.525
1.195 7.532 25.166
5.690 2.268 7.494
11.980 6.442 13.116
4.330 2.785 4.858
11.932 5.013 6.174
4.979 22.663 6.730
7.653 5.248 1.930
0.810 6.941 0.289
6.235 1.033 2.740
7.399 13.622 2.232
11.101 0.343 14.244
2.523 6.540 5.043
0.449 7.988 3.704
3.125 3.762 3.593
0.902 7.570 2.489
3.332 12.198 5.494
10.229 3.583 3.459
11.437 11.149 7.241
15.591 1.818 1.001
9.052 10.258 5.759
8.546 6.195 8.243
12.893 14.542 2.947
2.746 9.661 4.880
19.381 0.658 1.829
4.683 1.801 22.097
2.666 7.893 13.041
0.832 2.247 1.915
13.996 13.539 2.066
11.063 5.335 19.926
5.713 7.434 8.228
1.432 5.927 13.115
4.246 1.224 6.102
6.941 4.678 10.564
4.443 11.850 8.681
1.691 9.174 11.560
7.176 0.482 6.064
5.982 2.537 5.654
2.216 23.240 17.135
11.350 3.510 3.977
21.250 2.584 9.647
1.193 14.913 2.945
13.019 12.060 0.782
3.325 7.371 0.612
3.224 1.559 6.459
5.762 18.660 3.329
9.214 1.045 10.955
4.238 21.056 4.339
6.453 6.695 18.484
16.320 20.412 5.343
11.520 4.415 19.112
4.036 10.852 8.285
4.117 3.681 3.260
8.213 10.688 5.516
2.058 2.608 14.565
16.520 13.487 5.823
11.022 0.495 8.217
10.411 2.821 2.362
9.989 10.062 0.984
10.252 17.604 6.504
0.031 0.837 12.469
2.916 9.949 6.260
0.681 5.906 5.400
12.165 5.098 6.944
1.221 2.436 16.970
8.840 5.720 2.858
15.141 2.244 8.338
15.222 4.585 19.871
18.834 11.538 2.758
14.099 4.183 15.422
0.064 3.152 0.877
3.370 20.033 2.658
14.840 15.900 9.055
18.759 2.220 8.978
0.945 10.482 0.210
10.904 0.380 6.078
6.530 11.096 16.272
3.912 9.525 8.587
11.603 1.058 9.148
21.768 3.095 13.003
1.808 8.261 18.743
0.939 5.871 12.139
3.996 10.477 0.600
1.877 7.799 1.377
0.788 10.289 1.640
11.520 8.110 4.477
12.276 5.736 0.127
0.155 10.713 9.563
12.556 9.114 12.995
4.034 3.891 2.252
1.082 4.673 7.152
1.650 5.129 6.247
10.449 24.567 8.247
9.720 14.263 15.045
3.532 7.108 10.608
5.729 8.894 4.758
1.407 13.104 10.512
12.682 12.964 10.390
2.467 4.326 2.363
2.803 8.121 8.955
22.353 22.488 2.193
3.679 7.467 2.739
8.420 0.312 7.164
0.011 0.570 13.482
0.674 1.321 14.033
2.386 11.962 9.926
2.990 10.249 10.323
8.652 10.198 8.706
0.105 6.888 17.762
1.333 12.219 8.221
9.375 0.770 12.692
11.623 9.362 5.171
9.227 7.304 3.756
22.679 5.519 5.306
1.686 8.380 6.200
10.273 6.748 9.136
0.436 0.224 15.105
5.825 0.445 1.442
7.014 4.410 15.815
17.147 0.850 0.077
0.896 15.883 7.264
4.933 11.094 6.262
14.736 0.159 13.332
10.937 17.358 11.753
1.915 1.311 21.525
6.625 7.328 6.690
5.215 7.440 2.780
3.758 12.118 9.150
8.451 3.968 4.352
2.219 1.324 10.244
4.493 1.821 8.001
5.101 2.837 37.527
1.657 1.524 4.271
9.761 0.389 1.151
16.827 2.272 0.690
2.039 17.258 9.782
3.303 12.116 6.113
4.778 0.297 4.751
8.799 4.021 6.329
12.730 13.098 4.789
1.331 4.945 11.365
11.651 3.270 2.103
4.830 1.298 1.178
0.722 9.350 5.180
2.285 5.598 8.305
8.109 6.046 6.675
1.998 7.576 9.338
13.989 12.231 12.315
8.137 10.261 13.029
8.457 18.546 11.083
8.404 17.910 9.089
6.418 1.510 15.679
4.706 4.107 3.952
10.001 11.661 1.793
3.616 17.780 17.743
15.497 0.314 6.577
4.795 0.999 2.814
12.734 1.801 17.826
12.994 16.327 5.195
2.936 10.835 8.478
10.727 0.124 5.568
5.160 11.008 10.765
9.890 3.764 18.977
9.758 11.806 7.558
10.209 12.101 7.405
3.312 7.206 13.615
18.915 2.141 4.629
7.322 5.139 11.403
11.956 3.935 3.589
11.576 4.674 15.818
8.804 10.011 16.858
0.427 9.798 1.690
13.000 19.147 7.643
18.235 11.378 8.312
18.285 12.512 8.045
4.730 2.510 4.434
9.764 8.183 7.530
17.815 1.576 16.339
13.206 8.137 8.763
2.247 4.285 1.151
4.526 14.119 11.567
7.847 13.166 6.851
0.157 22.938 9.947
12.846 1.354 2.115
15.360 1.054 6.998
13.017 0.121 14.192
9.202 3.247 6.899
12.431 25.632 0.455
16.185 11.636 1.555
5.004 6.850 19.219
10.867 0.786 13.628
0.976 10.687 6.426
3.515 13.466 4.455
6.214 7.537 5.248
15.746 11.421 4.418
4.977 3.747 5.563
6.246 4.442 12.032
3.431 3.055 5.621
8.653 9.361 0.458
11.000 13.764 1.262
6.623 11.082 5.249
3.808 4.867 10.045
6.918 6.444 13.578
5.691 5.022 8.014
7.655 0.369 3.685
2.095 2.468 6.935
10.719 0.199 9.991
18.263 0.507 9.398
10.402 25.701 25.095
8.285 8.000 21.540
12.774 11.719 15.238
0.266 7.008 7.566
10.868 5.748 1.212
12.217 8.896 10.389
5.407 0.069 6.419
11.308 3.678 2.004
1.611 5.228 11.406
13.400 2.443 2.791
15.476 0.579 9.216
4.552 3.992 21.451
10.758 2.845 6.564
13.574 3.148 0.931
26.011 19.120 6.966
9.470 11.688 7.066
1.435 10.721 11.814
7.146 1.973 17.015
35.591 3.848 3.446
5.224 7.361 1.667
5.165 14.892 8.285
6.571 8.904 21.040
5.406 12.385 12.018
0.385 12.075 2.860
8.463 0.875 15.407
0.367 7.377 5.787
2.793 6.674 1.506
19.914 0.582 2.812
4.679 2.370 3.383
6.209 5.242 8.514
2.709 8.935 7.687
3.402 2.192 12.814
0.065 12.355 14.198
10.034 3.437 0.617
2.753 33.122 12.879
9.514 0.508 0.545
10.866 4.629 20.834
5.656 0.535 0.972
8.537 11.416 8.795
2.774 5.132 8.819
1.190 0.968 12.992
13.116 12.851 10.953
2.878 14.719 10.163
4.056 14.101 0.626
11.790 18.511 5.452
7.562 19.185 3.404
10.213 6.860 7.416
1.441 3.019 4.957
1.422 0.133 0.013
3.294 6.751 11.086
3.472 6.907 5.558
6.522 11.906 14.569
0.371 0.413 7.742
11.449 1.873 2.859
6.316 5.067 2.990
13.040 2.767 10.180
0.649 5.893 1.186
3.012 0.581 13.135
15.455 12.873 5.314
10.830 3.978 13.379
2.676 11.164 1.997
13.744 6.321 13.027
1.623 7.163 5.421
8.596 1.570 18.070
13.891 2.705 12.171
2.675 11.838 18.155
4.736 10.639 4.646
2.103 4.777 2.641
0.368 19.702 10.187
1.495 7.180 1.318
10.349 4.871 14.059
1.693 16.378 11.716
13.439 1.183 0.537
14.141 1.623 6.157
6.764 9.954 13.553
12.608 7.224 8.575
11.201 1.783 16.505
8.221 0.375 1.362
9.787 14.178 4.623
6.165 12.220 6.172
22.076 0.153 7.841
10.449 5.358 6.489
6.193 6.755 4.624
12.680 10.857 18.585
2.648 8.695 11.209
1.993 5.663 9.142
16.167 1.524 1.086
10.202 14.655 10.030
11.174 3.881 6.494
14.671 3.958 2.163
12.250 2.121 5.959
7.127 11.813 6.492
6.785 10.609 12.721
5.372 17.961 14.356
3.401 7.419 16.843
6.942 5.489 11.075
12.336 6.903 2.153
4.077 14.451 12.737
11.833 9.425 4.357
0.520 2.296 0.997
9.028 0.150 2.769
10.144 1.840 14.873
7.565 4.965 15.595
11.500 9.311 8.421
4.071 1.912 21.225
6.796 0.932 0.943
2.427 3.984 20.592
7.718 0.181 13.914
22.587 14.114 14.845
3.538 8.501 7.601
6.075 12.645 1.490
9.512 1.144 17.669
10.022 6.751 0.823
20.026 12.624 9.111
5.442 4.332 2.882
9.462 3.100 0.215
1.967 6.802 14.390
7.132 4.131 6.505
11.152 4.088 6.940
3.803 0.893 8.385
12.757 1.527 11.013
18.535 9.872 5.621
3.512 2.235 0.679
20.903 1.213 0.996
6.748 6.428 2.890
8.368 15.450 17.126
6.529 5.091 10.481
3.011 7.751 2.364
1.078 5.990 9.810
11.682 4.695 8.273
11.863 14.939 3.418
6.551 1.318 2.443
10.255 17.570 6.991
9.517 1.055 9.497
8.501 0.826 4.700
7.640 13.760 6.137
14.938 4.364 17.155
6.039 5.097 10.339
2.792 0.694 5.745
9.602 1.664 1.749
2.757 1.096 20.622
0.858 1.130 1.556
12.798 0.874 0.082
14.389 4.194 3.334
0.182 3.249 9.589
19.751 5.678 12.397
18.575 6.888 9.131
8.159 10.358 8.196
7.098 6.240 0.204
1.706 9.582 8.702
10.753 1.200 1.290
5.033 13.320 1.888
3.735 6.325 18.619
1.182 4.426 10.115
2.950 13.023 2.725
9.053 14.429 14.226
12.737 9.902 12.805
6.470 0.326 3.576
10.124 8.208 16.425
3.736 5.787 9.956
17.059 13.458 1.842
2.431 20.348 1.529
13.362 19.874 15.529
4.457 7.344 2.290
7.658 9.741 4.885
5.801 9.241 14.890
4.587 8.834 12.189
21.089 14.920 7.283
7.039 15.998 1.462
9.313 4.372 3.683
8.630 17.272 7.045
6.240 0.624 11.443
7.505 21.609 6.692
7.656 9.342 14.441
4.883 2.091 2.799
3.130 3.002 10.182
7.971 2.421 13.318
2.463 4.979 17.707
10.406 2.495 2.563
7.322 17.126 11.476
10.972 1.953 5.218
1.103 17.908 14.811
8.324 6.926 7.320
12.148 1.063 11.251
5.511 7.186 25.739
1.703 12.478 4.403
14.904 2.145 2.429
9.099 17.576 0.467
12.889 22.650 3.427
1.250 5.696 12.115
4.006 0.330 8.144
16.079 13.217 20.161
2.024 3.436 9.594
6.107 11.202 15.981
10.994 14.302 8.874
2.952 7.930 18.585
1.775 5.563 5.364
7.976 21.234 4.289
11.716 9.931 12.960
3.375 8.024 0.822
5.441 17.836 0.571
2.435 11.970 5.708
9.965 0.347 10.275
3.772 0.408 9.474
8.983 5.674 7.015
0.917 6.854 12.015
20.395 13.084 18.374
2.756 6.893 27.866
2.482 15.228 5.536
9.568 2.594 13.153
1.442 22.059 7.327
2.757 4.048 0.908
3.670 33.655 10.031
7.842 5.335 5.001
12.862 1.399 6.564
12.913 12.571 10.996
9.059 2.178 2.911
1.385 0.258 0.189
3.777 2.155 9.012
11.071 9.106 8.131
4.990 16.002 5.113
12.263 16.619 8.271
8.299 13.852 1.246
0.969 0.520 0.440
3.728 7.175 5.771
5.622 1.039 7.671
10.265 1.071 4.648
4.765 10.087 8.705
1.089 3.509 2.190
6.711 2.438 0.373
0.862 3.325 5.105
5.472 16.224 7.028
1.451 9.094 21.646
2.333 6.178 4.923
2.994 11.220 11.369
0.731 1.265 2.061
2.717 0.011 5.039
7.563 6.625 13.229
22.157 8.216 6.159
8.687 4.214 10.263
9.533 7.623 19.198
3.093 2.080 11.824
6.913 11.800 3.468
8.840 7.546 1.971
8.026 10.187 6.144
23.307 12.410 8.454
3.207 4.894 0.826
1.211 2.006 1.445
4.806 0.418 23.835
11.290 6.966 5.442
1.689 4.498 8.362
16.062 1.817 4.033
22.564 0.748 12.697
6.570 2.102 10.050
4.067 2.923 2.510
12.183 13.272 2.178
4.980 7.350 25.401
16.559 12.818 8.978
0.801 10.780 4.179
5.557 4.673 3.492
1.921 3.999 4.602
12.159 11.066 3.851
2.236 6.230 2.985
15.591 6.335 8.015
5.260 2.808 6.264
5.391 1.378 1.507
14.926 2.171 8.181
7.829 10.047 0.553
8.283 11.376 3.744
0.945 6.333 13.464
2.514 13.408 12.513
6.394 12.423 12.215
13.938 11.955 26.781
9.973 6.022 14.196
8.849 4.879 11.422
8.346 3.096 3.597
19.664 5.663 13.512
11.956 14.679 3.640
3.869 16.699 10.560
6.647 2.779 7.968
0.048 5.279 4.005
8.910 1.531 0.592
3.784 24.919 7.356
3.358 9.658 12.706
4.514 7.050 15.070
0.231 0.048 4.565
8.596 15.747 0.485
2.654 28.258 2.205
17.754 19.700 5.077
5.951 1.795 5.094
2.787 15.771 1.395
13.332 8.195 0.944
13.494 5.869 5.307
1.020 4.461 10.246
2.778 0.481 6.145
7.245 5.493 8.797
1.379 7.141 5.179
7.252 5.728 5.727
2.015 1.479 15.506
6.390 6.182 3.168
3.336 3.703 5.280
10.924 7.034 1.559
7.401 9.841 4.023
7.185 3.731 4.298
10.153 17.288 7.384
9.850 2.041 2.229
2.954 2.199 14.740
9.308 12.172 20.700
9.926 1.816 7.855
5.534 1.133 2.722
11.939 2.437 9.796
4.989 2.046 1.101
14.312 5.883 16.657
10.329 1.664 2.385
9.905 18.589 13.939
4.063 7.520 6.396
5.848 7.171 15.136
3.646 0.379 9.720
4.948 8.265 5.413
9.287 8.568 2.825
9.815 5.997 9.744
13.908 3.446 4.912
10.836 24.809 11.310
25.992 1.247 4.316
7.725 5.957 10.204
0.715 3.042 13.949
5.709 13.529 8.911
6.390 10.106 0.981
14.630 9.222 7.957
8.221 7.689 10.223
9.358 3.690 4.933
8.340 1.208 1.565
3.361 4.463 5.104
4.524 20.636 7.158
7.414 5.932 14.810
0.666 4.623 12.739
11.585 1.096 3.292
5.316 4.014 0.642
8.950 9.280 2.241
7.842 10.545 6.842
1.281 2.072 1.838
8.203 9.797 0.326
0.732 10.564 2.131
17.190 11.279 1.442
2.415 13.574 17.157
2.025 16.080 8.901
8.704 11.262 17.223
0.883 7.758 9.481
2.320 4.198 24.447
10.228 6.501 17.591
7.837 9.662 14.548
11.288 7.017 7.015
7.208 14.247 10.531
18.334 1.383 10.211
3.842 3.619 5.048
9.058 11.528 6.799
1.154 4.375 17.204
0.647 4.299 17.005
14.133 4.717 5.583
0.426 10.464 12.684
1.355 0.292 13.330
6.474 8.759 2.865
5.173 2.098 0.396
12.706 14.198 1.847
9.035 7.912 9.110
4.662 6.663 17.408
0.809 5.893 1.463
8.443 2.029 12.235
8.246 3.863 9.414
16.010 0.719 5.736
1.152 16.741 0.910
2.483 2.085 18.366
13.703 6.433 1.224
15.508 10.792 2.630
10.049 2.575 7.392
4.343 0.145 13.004
10.286 3.138 2.413
0.567 2.099 1.628
17.043 10.859 15.283
6.106 7.365 6.563
6.908 0.506 4.314
26.994 8.545 15.688
3.925 7.427 9.238
8.245 2.192 0.026
3.151 4.048 4.195
2.022 8.136 2.827
16.832 9.674 22.637
4.170 11.987 12.846
7.032 5.236 1.823
2.355 22.322 3.792
6.713 0.063 5.148
8.379 0.107 1.337
3.466 14.030 7.480
16.581 5.986 18.322
11.753 7.349 0.769
3.506 0.878 13.840
9.963 8.600 26.779
13.354 10.844 13.800
9.155 8.229 20.938
1.531 8.228 7.544
15.266 13.750 30.738
7.969 7.461 1.088
13.349 7.131 7.811
6.706 3.980 5.707
0.954 21.075 16.654
10.712 9.918 2.654
11.801 4.985 17.495
2.491 10.782 23.982
5.717 2.998 8.184
7.583 10.190 7.526
18.390 6.108 12.459
15.770 12.963 0.556
1.177 15.559 0.391
14.031 12.650 6.800
23.096 7.874 0.719
11.569 15.616 1.041
21.039 10.444 9.292
0.883 6.485 9.627
2.374 0.641 6.108
7.187 2.558 14.045
27.016 12.999 16.347
1.096 19.652 14.880
1.552 11.551 1.857
1.079 13.992 2.991
2.106 6.910 18.533
11.266 4.445 8.852
1.595 7.014 27.244
8.789 1.582 4.397
10.759 4.397 2.389
9.221 21.123 5.398
2.439 3.254 23.800
22.854 3.955 0.854
12.125 5.649 9.837
21.394 3.770 3.422
13.535 2.332 6.083
3.112 12.959 13.395
19.606 4.291 8.182
0.473 15.671 0.278
2.022 15.448 2.831
9.718 2.769 20.291
0.490 6.562 2.701
18.690 1.459 1.257
8.450 4.834 3.683
12.195 2.348 2.062
5.478 14.114 5.514
12.601 22.677 7.047
13.308 6.031 4.776
9.584 0.462 8.248
6.228 5.191 9.143
13.435 21.175 6.787
9.344 4.900 6.554
11.332 10.222 4.691
27.019 4.972 0.216
9.413 8.977 0.302
5.506 8.812 3.252
0.982 17.168 3.777
23.678 2.812 2.622
13.364 17.575 13.140
7.901 9.766 3.316
3.989 0.100 2.542
20.676 8.078 5.795
5.608 6.294 6.696
22.005 4.118 6.695
10.251 2.494 6.189
5.858 4.146 1.223
1.913 15.297 8.658
3.279 8.760 7.248
2.111 6.848 5.948
9.046 1.110 1.096
20.048 0.451 6.725
3.056 8.295 5.536
2.119 7.129 2.960
20.499 2.434 6.314
13.010 2.062 9.788
7.261 10.377 11.219
4.038 8.672 13.772
13.699 2.449 12.580
17.503 7.303 5.232
29.686 6.000 1.276
12.272 6.441 18.638
13.787 7.531 0.337
17.441 10.186 16.398
5.698 21.746 3.961
12.242 17.835 12.840
6.936 20.826 4.459
20.060 3.455 9.987
6.491 19.180 2.372
9.542 18.469 1.064
7.493 0.545 6.922
0.268 10.455 10.935
5.585 1.297 7.939
0.400 7.616 3.843
18.740 16.229 9.383
3.715 7.190 3.868
25.830 11.121 6.037
6.277 6.580 5.250
1.937 2.102 6.041
7.413 3.261 13.066
26.466 2.815 13.323
10.473 14.818 7.113
7.260 4.186 29.854
4.795 10.761 0.777
0.389 8.613 7.345
1.922 6.735 7.727
7.386 3.785 15.768
8.548 15.045 0.873
1.107 13.521 6.497
2.146 2.347 4.386
0.355 4.460 12.763
15.766 3.978 0.118
14.484 13.909 5.406
3.642 1.278 4.098
2.793 8.679 5.595
11.460 11.820 5.253
0.459 1.869 4.750
2.091 18.496 1.494
9.439 20.820 0.230
6.981 9.708 10.204
8.871 7.944 0.339
1.172 3.821 12.609
3.953 3.224 1.786
0.005 11.180 2.641
7.592 9.123 7.895
2.654 2.405 7.673
6.058 7.336 4.314
0.224 14.210 19.264
5.814 18.206 8.787
5.061 19.360 23.410
2.321 3.326 0.989
10.919 18.579 8.084
8.419 10.621 8.239
3.339 0.250 14.363
0.773 4.529 24.294
1.582 7.924 6.992
12.935 10.036 12.544
6.529 6.967 2.111
2.139 4.186 13.570
10.649 16.348 13.285
15.408 0.525 1.136
9.968 13.969 28.894
0.617 30.021 7.155
12.726 12.215 5.866
7.169 5.159 8.995
11.483 6.473 2.627
8.475 4.838 3.255
9.314 2.003 10.169
7.007 11.827 19.235
34.751 6.290 0.282
2.230 12.500 10.376
5.459 7.109 5.368
0.840 0.890 18.457
4.795 1.183 19.900
2.659 5.751 11.116
9.710 16.758 18.191
26.514 14.627 0.132
1.113 2.587 3.214
8.622 4.582 11.819
18.419 0.666 10.513
7.515 1.413 10.345
10.180 0.450 1.977
6.376 4.234 5.144
5.057 8.971 6.137
4.581 10.223 5.432
13.599 16.419 2.761
13.996 1.036 6.862
8.903 1.385 0.153
4.025 5.991 11.068
2.166 11.445 14.237
10.797 8.973 11.429
12.295 3.143 1.754
7.737 5.860 10.746
11.614 16.020 1.021
9.062 14.203 3.518
4.525 3.626 11.319
12.062 13.451 16.864
4.548 20.774 8.231
2.784 6.526 10.111
3.801 11.081 4.733
6.630 0.660 10.003
3.214 14.246 18.166
6.284 3.089 3.060
7.051 3.131 3.869
21.072 11.142 9.287
4.329 2.160 6.834
4.734 4.539 1.250
0.231 15.141 13.360
2.630 3.734 19.380
7.889 4.345 3.773
1.937 9.221 14.647
21.745 10.386 7.318
0.820 13.226 3.748
8.171 14.916 11.393
1.850 8.982 7.675
14.354 15.286 9.087
3.973 2.217 1.317
15.054 11.170 1.044
12.079 5.010 5.450
1.810 1.472 16.444
5.394 2.384 4.173
2.138 8.433 1.264
11.738 28.603 4.774
6.539 3.897 5.589
17.336 9.475 3.895
7.099 12.214 2.460
4.123 9.117 7.069
0.521 10.785 2.068
12.054 22.684 10.079
19.497 20.506 12.141
21.732 2.733 0.050
17.354 1.754 2.536